
Compile options:  STRICT PURE FAST MSC_ver 192930151 SSE undefined cbrt_ver 3

Cube root = 3 Ref3
Tag Function  	    Low Error	e		     M		     High Error		   e 		M	   Time
200 Verify_Any    -3.03924e-15 0.999999999          0.0001          1.86327e-14   0.9999999999999998 1e-07         1435
201 Verify_Cbrt   -5.55112e-16 0.02                 1.5707963268    4.44089e-16                    0 1e-24          250
202 Verify_NRT    -9.93411e-09 1                    8e-24           2.98023e-08   0.9999999999999998 5e-24          921
203 Verify_HT     -1.36268e-08 1                    8e-24           9.79497e-09                    1 5e-24          976
204 Verify_D4T    -9.28325e-12 0.9999999899999999   0.5             2.83907e-13   0.9999999999999998 0.15          1064
205 Verify_Sym               0 0                    0                         0                    0 0             1231
206 Ver_Solver    -5.84365e-16 0.999999             1e-12           5.36263e-16                0.995 0.05           354
207 Verify_Ref    -4.44089e-16 0.005                2.2             4.44089e-16                 0.05 2.3            956
208 Verify_qSin   -2.06416e-10 1e-06                3.1415926436          1e-08                    0 3.1415926436    99
209 Q3R2          -3.48911e-06 1                    0               2.22045e-16                0.001 0              118
210 Verify_Cbrt   -5.55112e-16 0.02                 1.5707963268    4.44089e-16                    0 1e-24          255
211 Ver_f80       -4.77916e-16 0.995                3.1315926536    5.21284e-16              0.99999 3.1315926536   968
212 Ver_Gfix       -2.9128e-16 0.999999999          0.8             2.65417e-16   0.9999999899999999 0.57079632679 1008
213 VGfix80        -2.9128e-16 0.999999999          0.8             2.65417e-16   0.9999999899999999 0.57079632679 1000
214 Ver_s2c2-1    -2.22045e-16 0.03                 0.57079632679   2.22045e-16                  0.3 3.1415926536    87
215 Ver_asins           -5e-09 0                    3.1415926436     6.5708e-09          0.999999999 1e-08          117
216 Ver_sinas     -1.11022e-16 0.03                 2.4             1.11022e-16                    0 1.6            116
217 Ver_acosc     -1.11022e-16 1e-06                0.03            1.66533e-16                 0.01 1.6            242#
218 Ver_cosac     -1.11022e-16 1e-06                0.25            1.11022e-16                    0 0.9            191
219 Ver_atant     -1.11022e-16 0.03                 1.3             1.11022e-16                 0.55 0.002          158
220 Ver_tanat     -1.77636e-15 0.04                 3.1415926536    1.77636e-15                    0 3.1415916536   173
221 Ver_logexp    -1.11022e-16 0                    0.7             1.61022e-16   0.9999999899999999 1              118
222 Ver_explog    -4.44089e-16 0                    3               4.44089e-16                    0 3.1315926536   127
223 Ver_sqrtx2    -4.44089e-16 0                    2               4.44089e-16                    0 2.9             23
224 Ver_^2sqrt               0 0                    0                         0                    0 0               23
225 Ver_cbrx3     -2.22045e-16 0.8474986            2.6             2.22045e-16                0.005 1.8            188
226 Ver ^3cbrt    -8.88178e-16 1e-06                3.1             8.88178e-16                    0 3.1415926536   203
227 Ver sin87               -1 0                    1.5707963268       0.841471                    1 0               41
228 Ver cos87               -1 0                    0                         1                    0 3.1415926436    40
229 Ver tan87               -1 0                    3.1415926536              1                    1 0               45
230 Ver atan87        -1.26263 0                    3.1415926536       0.785398                    1 0               48
231 Ver sincoss       -3.14159 0                    3.1415926536              1                    1 0               85
232 Ver sincosc       -3.14159 0                    3.1415926536              1                    1 0               86
233 Ver s2c287        -3.14159 0                    3.1415926536              1                    1 0                6
234 Ver s2c2a     -5.55112e-16 0.075                3.1             6.66134e-16                 0.05 3.1415926536    80
235 Ver s2c2b     -5.55112e-16 0.075                3.1             6.42715e-16                 0.05 3.1415926536    79