
Compile options:  STRICT PURE FAST cbrt_ver 3

Cube root = 3 Ref3
Tag Function  	    Low Error	e		     M		     High Error		   e 		M	   Time
  0 M                        0 0                    0                         1                    1 0.57079632679    9
  1 Basic         -4.44089e-16 0.001                2.1             0.000394324   0.9999999999999998 0.4            356
  2 Better        -6.10307e-05 1                    0.1             5.19164e-05   0.9999999999999998 0.5            344
  3 Best           -3.3398e-06 1                    0.8             1.84518e-06   0.9999999999999998 0.15           363
  4 BasicOp       -3.03924e-15 0.999999999          0.0001          2.00506e-11   0.9999999899999999 0.4            357
  5 Exact         -2.80897e-16 0.9                  0.2             2.69201e-16                  0.6 3              796
  6 D5_FLM        -4.44089e-16 0.02                 2.9             4.44089e-16                 0.15 2              370
  7 FLM95         -0.000360897 0.9999999999999998   0.4             0.000431009                  0.3 1.7            232
  8 DLB_B          -0.00402935 0.3                  2.4              0.00811286   0.9999999999999998 1.9            224
  9 DLB_BG        -0.000288548 0.5                  1.1              0.00323827                    1 1.4            222
 10 Pade          -4.44089e-16 0                    3.1215926536       0.126136   0.9999999999999998 3.1415926536   183
 11 Cubic         -9.80705e-21 0.9999999899999999   1e-15               1.20691                    0 3.1415926536   112
 12 SM_Cub              -0.043 0                    3.1415926536      0.0310276                    1 2.2            175
 13 SM_Pade       -0.000877423 1                    0.3               0.0308944   0.9999999999999998 2.4            243
 14 MTB_CC           -0.292041 0.9999999999999998   1e-150          0.000234823                    1 2.5            218
 15 MTB_RS            -70.9125 0.55                 0                  0.747671                 0.55 0.005          207
 16 MTB_RF        -0.000312079 0.65                 0.6             8.41897e-05                 0.98 0.6            211
 17 PadePi/4           -171474 0.002                0.2                0.196555   0.9999999999999998 3.1415926536   208
 18 DLB_MB         -0.00403992 0.9999999999999998   3                0.00194723   0.9999999999999998 1.6            278
 19 Hybrid         -0.00103057 0.8474986            0.2             5.42586e-05   0.9999999999999998 1.6            210
 20 Optimised     -6.10307e-05 1                    0.1             5.19164e-05   0.9999999999999998 0.5            356
 21 Polish        -2.80897e-16 0.9                  0.2             2.52845e-16            0.8474986 0.2            810
 22 D0               -0.156783 0.95                 0.005             0.0951107            0.8474986 2.5            151
 23 D1              -0.0862675 0.6                  0.2               0.0431038            0.8474986 0.25            33
 24 S1                      -1 0.9999999999999998   3.1415926536    2.06795e-25                    0 1e-09            7
 25 S1_85                -0.85 1                    3.1415926536           0.85                    1 0                7
 26 S1_41                -0.41 1                    3.1415926536           0.59                    1 0.57079632679    7
 27 S1_50                 -0.5 0.9999999999999998   3.1415926536            0.5                    1 0                7
 28 S1_62                -0.62 0.9999999999999998   3.1415926536           0.62                    1 0                7
 29 S3               -0.394393 0.9999999999999998   1.2                0.554582                    1 0.1             51
 30 S9                      -1 1                    1e-150            0.0583629   0.9999999999999998 0.9             68
 31 S9s2                    -1 1                    1e-150            0.0583629   0.9999999999999998 0.9             48
 32 S9t2                    -1 1                    1e-150            0.0583629                    1 0.9             73
 33 S9t2p54                 -1 1                    1e-150            0.0583629   0.9999999999999998 0.9             26
 34 S9t2p52                 -1 1                    1e-150            0.0583629                    1 0.9             25
 35 D3M              -0.664851 0.999999999          1e-09              0.686983                    1 0.2             77
 36 D3t2p54M         -0.664851 0.999999999          1e-09              0.686983                    1 0.2             26
 37 M_D4M          -1.0052e+07 0.9999999999999998   1e-08              0.241808                0.995 0.01            91
 38 D4t2M         -8.57143e+29 1                    1e-30              0.237159                0.995 0.01            81
 39 D4t2pM        -8.57143e+29 1                    1e-30              0.237159                0.995 0.01            34
 40 M_D5M             -9.93343 0.999999999          1e-08               3.14159                    0 3.1415926536   114
 41 D5t2M             -9.99195 0.999999999          1e-08               3.14159                1e-06 3.1415926536   109
 42 D5t2pM            -9.99195 0.999999999          1e-08              0.813966                    1 0.2             60#
 43 M_D6M              -1999.8 1                    0.001              0.320745                 0.99 0.02           186
 44 M_D7M             -99.1076 1                    0.02                1.76047                0.999 0.25           237
 45 M_D8M             -399.589 1                    0.005              0.915544                0.998 0.25           291
 46 Basic         -4.44089e-16 0.001                2.1             0.000394324   0.9999999999999998 0.4            358
 47 BasicE        -4.44089e-16 0                    2.1             0.000394324   0.9999999999999998 0.4            371
 48 NR_Basic      -9.40202e-08 0.9999999999999998   0.4             4.44089e-16                 0.05 2.3            471
 49 D3_Basic      -8.32667e-16 0.998                0.005           2.00508e-11   0.9999999899999999 0.4            473
 50 BasicI        -2.81719e-15 0.999999999          0.0001          2.00508e-11                    1 0.4            382
 51 D380_Bas      -8.32667e-16 0.998                0.005           2.00508e-11   0.9999999899999999 0.4           1186
 52 D3t2_Basic    -3.31679e-15 0.99999              0.0001          2.00508e-11   0.9999999899999999 0.4            461
 53 BasOp_t2      -5.82867e-15 1                    0.0001          1.92901e-15   0.9999999999999998 0.0001         417
 54 D3_Basic2t    -1.18933e-14 0.999999             1e-05           2.00508e-11   0.9999999899999999 0.4            410
 55 D4_Basic      -3.77476e-15 0.9999               0.4             4.44089e-16                 0.05 2.3            487
 56 Better        -6.10307e-05 1                    0.1             5.19164e-05   0.9999999999999998 0.5            362
 57 NR_Better     -4.61502e-09 1                    0.07            4.44089e-16                 0.05 2.3            463
 58 D3_Better     -2.53353e-13 0.99999              0.07            3.86358e-14               0.9999 0.5            460
 59 BetterOp      -5.35683e-15 0.9999               0.0001          6.91669e-14                    1 0.05           411
 60 D4_Better     -2.29921e-15 1                    1e-12           4.44089e-16                 0.05 2.3            478
 61 Best           -3.3398e-06 1                    0.8             1.84518e-06   0.9999999999999998 0.15           378
 62 NR_Best        -1.4039e-11 0.9999999899999999   0.04            4.44089e-16                 0.05 2.3            470
 63 D3_Best       -8.32667e-16 0.998                0.005            9.4369e-16             0.999999 0.005          480
 64 D3t2_Best     -3.31679e-15 0.99999              0.0001          6.66134e-16                0.999 0.005          484
 65 BestI         -5.28679e-14 0.999999             1e-08           1.30206e-13   0.9999999899999999 1e-09          403
 66 Best2tp54Op   -2.26194e-12 0.9999999999999998   5e-24           2.47025e-15   0.9999999899999999 0.001          407
 67 D4_Best       -4.44089e-16 0.005                2.2             4.44089e-16                 0.05 2.3            512
 68 FLM95         -0.000360897 0.9999999999999998   0.4             0.000431009                  0.3 1.7            231
 69 NR_FLM        -8.38117e-08 0.9999999999999998   0.3             2.77556e-17                  0.7 0.04           365
 70 D3_FLM         -1.6976e-11 0.9999999899999999   0.3             3.84892e-12                  0.4 1.7            363
 71 D4_FLM        -3.55271e-15 0.999                0.25            4.44089e-16                 0.05 2.3            384
 72 D5_FLMop      -4.44089e-16 0.005                2.2             4.44089e-16                 0.15 2              368
 73 DLB_BG        -0.000288548 0.5                  1.1              0.00323827                    1 1.4            221
 74 NR_DLB        -2.94573e-06 0.9999999999999998   1.1             4.44089e-16                 0.15 3.1405926536   349
 75 D3_DLB        -1.54055e-12 0.5                  1.2              4.4404e-09                    1 1.3            367
 76 D4_DLB        -1.87739e-12 0.9999999999999998   1               4.44089e-16                 0.15 2              377
 77 D5_DLB        -8.88178e-16 0.998                1.5707963268    1.55431e-15                0.999 0.9            397
 78 NR80             -0.655145 1                    1e-150             0.195526   0.9999999999999998 3.1415926536   445
 79 NR               -0.655145 1                    1e-150             0.195526   0.9999999999999998 3.1415926536    78
 80 NR+              -0.655145 1                    1e-150             0.195526   0.9999999999999998 3.1415926536    82
 81 NRt2             -0.655145 1                    1e-150             0.195526   0.9999999999999998 3.1415926536    76
 82 Halley80         -0.496101 1                    1e-150            0.0290136                 0.65 1e-18          812
 83 Halley           -0.496101 1                    1e-150            0.0290136                 0.65 1e-18           85
 84 Hall_s           -0.496101 1                    1e-150            0.0290136                 0.65 1e-18           86
 85 Hal_t2            -0.49607 1                    1e-150            0.0290136                 0.65 1e-18           80
 86 D3t2p54          -0.496101 1                    1e-150            0.0290136                 0.65 1e-18           30
 87 M_D4             -0.414059 1                    1e-150            0.0194808                 0.75 1e-18          121
 88 D4t2             -0.414059 1                    1e-150            0.0194808                 0.75 1e-18           98
 89 D4t2p32          -0.414059 0.9999999999999998   1e-150            0.0194808                 0.75 1e-18           42
 90 M_D5                    -1 1                    1e-150           0.00321611   0.9999999999999998 3.1415926536   150
 91 D5t2             -0.368766 1                    1e-150          0.000279339                  0.7 0.04           110
 92 MB_D6            -0.334192 1                    1e-150          0.000299055   0.9999999999999998 3.1415926536   207
 93 D6t2             -0.334192 1                    1e-150          3.79435e-06                    1 2.1            135
 94 MB_D7           -0.0686841 1                    0               1.12915e-05                 0.95 0.0001         258
 95 D7t2             -0.307124 1                    0               6.17304e-05   0.9999999999999998 3.1415926536   165
 96 MB_D8             -1.23073 1                    1e-150            2.636e-06                  0.5 0              277
 97 D8t2              -1.23073 1                    1e-150            2.636e-06                  0.5 0              262
 98 Dn_Mke           -0.694151 0                    0.9                0.533471                    1 0.1             81
 99 NRoptK           -0.316059 1                    0                 0.0185932   0.9999999999999998 3.1415926536    81
100 D3optK           -0.174823 1                    0                  0.160495                    1 0.3             95
101 D4optK           -0.143222 1                    0                0.00451046     0.84749866194415 1e-18          128
102 D5optK           -0.611573 0.8474986            0                  0.115166                    1 0.2            150
103 D6optK           -0.115248 1                    0.15            1.67083e-05                  0.8 0.02           212
104 MPadeK          -0.0140727 0.95                 3                0.00153492                    1 1              258
105 NRNRoK           -0.162845 1                    0               1.69407e-21                 0.01 1e-05          192
106 NRtNRt            -0.43359 1                    1e-150          2.22045e-16                 0.05 1.6            176
107 NRNRt2            -0.43359 1                    1e-150          2.22045e-16                 0.05 1.6            195
108 NRt2NR            -0.43359 1                    1e-150          2.22045e-16                 0.05 1.6            192
109 NRNR              -0.43359 1                    1e-150          2.22045e-16                 0.05 1.6            184
110 NR(3x)           -0.288148 1                    1e-150          3.27883e-10   0.9999999899999999 3.1415926536   285
111 NR(4x)           -0.191832 1                    1e-150          4.44089e-16                 0.05 2.3            381
112 D4t2NRk         -0.0954488 1                    0               1.69974e-07     0.84749866194415 1e-18          250
113 D4t2D3k         -0.0715989 1                    0                 0.0044588                 0.99 0              262
114 D4t2D4k          -0.061337 1                    0               0.000460561                 0.99 1e-18          324
115 NR_S9            -0.655145 1                    1e-150          4.44089e-16                 0.15 3.1405926536   160
116 D3_S9            -0.496101 1                    1e-150          3.84678e-05   0.9999999999999998 0.8            164
117 D3_S9t2          -0.496101 1                    1e-150          3.84678e-05   0.9999999999999998 0.8            185
118 D3t2_S9t2         -0.49607 1                    1e-150          3.84678e-05   0.9999999999999998 0.8            175
119 D3t2_S9           -0.49607 1                    1e-150          3.84678e-05   0.9999999999999998 0.8            184
120 D3_S9t2p52        -0.49607 1                    1e-150          3.84678e-05   0.9999999999999998 0.8            118
121 D3t2_S9t2p        -0.49607 1                    1e-150          3.84678e-05   0.9999999999999998 0.8            120
122 D3t2p_S9t2p      -0.496101 1                    1e-150          3.84686e-05   0.9999999999999998 0.8             72
123 D3_D4M         -1.0052e+07 0.9999999999999998   1e-08               373.764              0.99999 0.07           219
124 D4_D4M        -1.09386e+32 1                    1e-30           2.89186e+23                    1 8e-24          236
125 D4_D4t2p      -1.09386e+32 1                    1e-30           2.89186e+23                    1 8e-24          164
126 D4_S3         -9.52381e+28 1                    1e-30              0.139346                0.998 0.002          174
127 D4_S9            -0.414059 1                    1e-150          4.13828e-08                 0.95 0.01           204
128 D4t2_S9          -0.414059 1                    1e-150          4.13828e-08                 0.95 0.01           206
129 D4t2_D4          -0.176396 1                    1e-150           0.00204184                 0.95 1e-18          222
130 D4_D5t2pM     -8.57143e+23 1                    1e-24           5.48186e-10   0.9999999999999998 8e-24          186#
131 D5_S9                   -1 1                    1e-150          1.22723e-08   0.9999999999999998 0.8            224
132 D5t2_S9          -0.368766 1                    1e-150          1.67568e-08   0.9999999999999998 5e-24          246
133 D5t2_S9t2        -0.368766 1                    1e-150          1.67568e-08   0.9999999999999998 5e-24          233
134 NR_D5t2             -8e+99 1                    1e-99             0.0371178   0.9999999999999998 1e-15          227
135 BasicE        -4.44089e-16 0                    2.1             0.000394324   0.9999999999999998 0.4            359
136 Basic(ref)    -4.44089e-16 0.001                2.1             0.000394324   0.9999999999999998 0.4            342
137 BasicQ        -4.44089e-16 0.005                2.1             0.000394324   0.9999999999999998 0.4            357
138 BasicR        -4.44089e-16 1e-06                3.1             0.000394324   0.9999999999999998 0.4            353
141 BasicBM       -4.44089e-16 1e-06                3.1             0.000394324   0.9999999999999998 0.4            347
143 BasicZ        -4.44089e-16 0.001                2.1             0.000394324   0.9999999999999998 0.4            385
144 BasicF32      -9.32498e-05 0.9999999899999999   1e-12           0.000394314                    1 0.4            317
145 Bas2tp10         -0.095158 0                    1.5707963268      0.0703174                0.075 1.5            316
146 Bas2tp30        -0.0124169 0.25                 1.1               0.0116091                 0.02 2              312
147 Bas2tp50        -0.0017704 0                    1.5707963268     0.00168392                0.002 1.9            327
148 Bas2tp70       -0.00033425 0.15                 1.3207963268    0.000393855   0.9999999999999998 0.4            322
149 Bas2tp32      -0.000212342 0                    1.5707963268    0.000394344   0.9999999999999998 0.4            309
150 Basic2tp32x   -5.23069e-06 0                    1.5707963268    0.000394344   0.9999999999999998 0.4            304
151 Bas2tp52      -5.23069e-06 0                    1.5707963268    0.000394324   0.9999999999999998 0.4            318
152 Basic2tp52y   -1.00905e-08 0.15                 0.8             0.000394324   0.9999999999999998 0.4            310
153 Bas2tp54      -1.34736e-08 0                    1.5707963268    0.000394324   0.9999999999999998 0.4            319
154 NR_Bas2tp54   -9.40202e-08 0.9999999999999998   0.4             4.44089e-16                 0.05 2.3            446
155 D4T_B2tp52     -2.8455e-13 0.99999              0.15            3.13629e-09   0.9999999999999998 8e-24          360
156 D3_Bas2tp54   -1.68706e-13 0.9999999999999998   1e-24           2.00508e-11   0.9999999899999999 0.4            438
157 D4_Bas2pt54   -4.96911e-14 0.9999999999999998   8e-24           9.85708e-16   0.9999999999999998 1e-24          459
158 Basic2tp56    -5.86748e-11 1e-06                1.5707963268    0.000394324   0.9999999999999998 0.4            327
159 BasicP20        -0.0447952 0                    1.9               0.0756673   0.9999999999999998 0.9            323
160 Basic20a        -0.0141817 0                    2.6               0.0154879                  0.5 0.57079632679  341
161 BasicP30       -0.00415493 0                    2.7               0.0308397   0.9999999999999998 0.3            322
162 BasicP40       -0.00296954 0.3                  1.3              0.00653394     0.84749866194415 0.1            332
163 BasicP50       -0.00119307 0.95                 0.2             0.000170902                0.001 1.2            329
164 BasicP60      -0.000230322 0.8                  0.15             0.00038734   0.9999999999999998 0.5            334
165 BasicP70      -3.60763e-06 0                    2.8             0.000413469   0.9999999999999998 0.4            366
166 BasicP80      -2.02369e-06 0.15                 1.4             0.000394754   0.9999999999999998 0.4            382
167 BasicP90      -2.19999e-07 0.65                 0.15            0.000394083   0.9999999999999998 0.4            389
168 BasicP32       -0.00260414 1                    0               0.000669508   0.9999999999999998 0.2            339
169 BasicP32a      -0.00260414 1                    0               0.000669508   0.9999999999999998 0.2            345
170 BasP32ND       -0.00260414 1                    0                0.00066674   0.9999999999999998 0.2            322
171 BasP52ND      -0.000102051 0                    1.5707963268     0.00044839   0.9999999999999998 0.5            320
172 D1              -0.0862675 0.6                  0.2               0.0431038            0.8474986 0.25            36
173 NR_D1          -0.00230005 0.6                  0.2             2.22045e-16             0.999999 0.57079632679  123
174 D3_D1          -1.1404e-05 0.75                 0.25            5.24768e-05                 0.55 0.2            120
175 D3t2_D1        -1.1404e-05 0.75                 0.25            5.24768e-05                 0.55 0.2            122
176 D4_D1         -6.35221e-07 0.9                  0.25             2.7759e-06                  0.6 0.2            149
177 D4t2_D1       -6.35221e-07 0.9                  0.25             2.7759e-06                  0.6 0.2            141
178 D5_D1         -4.31253e-09 0.4                  0.15            2.96091e-08                  0.6 0.2            193
179 D5t2_D1       -8.07745e-09 1                    8e-24           2.96091e-08                  0.6 0.2            175
180 D6_D1         -6.20735e-10 0.9                  0.25            3.97312e-10                  0.6 0.2            241
181 D7_D1           -0.0602753 1                    1e-07           1.12915e-05                 0.95 0.0001         315
182 D8_D1         -6.79186e-08 0.9999999999999998   2.7             2.04591e-06                  0.5 3.1415926536   329
183 D3D4_D1       -4.44089e-16 0.02                 2.9             4.44089e-16                 0.05 2.3            268
184 D4t2D3t2D1    -2.64852e-13 0.9999999899999999   1e-11           1.18612e-12   0.9999999899999999 1e-12          272
185 D3t2D4t2D1    -2.52576e-15 0.99999              0.0001          1.60982e-15          0.999999999 0.0001         275
186 DCubic           -0.470743 0                    0.9                0.480253   0.9999999999999998 3.1415926536   166
187 Dpade             -1.08002 0                    2.6               0.0192975                    1 0.7            179