
Compile options:  STRICT PURE FAST cbrt_ver 3

Cube root = 3 Ref3
Timings for common operations x10^7 '#' is empty loop (+, -, * all x3 )

QT          # 0     0 0.000     0 0.000     0 0.000     0 0.000     0 0.000
QT          + 0     0 0.000     0 0.000     0 0.000     0 0.000     0 0.000
QT          - 0     0 0.000     0 0.000     0 0.000     0 0.000     0 0.000
QT          * 0     0 0.000     0 0.000     0 0.000     0 0.000     0 0.000
QT          / 0     0 0.000     0 0.000     0 0.000     0 0.000     0 0.000
QT          m 0     0 0.000     0 0.000     0 0.000     0 0.000     0 0.000
QT          d 0     0 0.000     0 0.000     0 0.000     0 0.000     0 0.000
QT          D 0     0 0.000     0 0.000     0 0.000     0 0.000     0 0.000
QT          M 0     0 0.000     0 0.000     0 0.000     0 0.000     0 0.000
QT        nop 0    12 0.034    10 0.028    10 0.028     9 0.027    10 0.028
QT   1/(1+x)* 0    16 0.045    16 0.045    16 0.044    15 0.044    16 0.045
QT 1/(1+x)**a 0    16 0.045    16 0.044    16 0.045    17 0.048    16 0.045
QT 1/(1+x) 24 0    16 0.045    15 0.044    15 0.044    15 0.044    15 0.043
QT    1/(1+x) 0    20 0.058    20 0.057    20 0.057    20 0.057    20 0.058
QT        abs 0    10 0.028    10 0.029    10 0.028    10 0.027    10 0.028
QT     fchsgn 0     8 0.023     8 0.023     8 0.023     8 0.023     8 0.023
QT        0-x 0    10 0.027     9 0.027     9 0.027     9 0.027     9 0.027
QT       sqrt 0    20 0.057    19 0.056    20 0.056    19 0.054    19 0.055
QT       atan 0    60 0.172    70 0.200    69 0.198    72 0.206    70 0.200
QT      atan2 0   103 0.294   103 0.296   105 0.300   104 0.297   104 0.296
QT        log 0    33 0.095    33 0.095    33 0.095    34 0.097    33 0.095
QT        exp 0    34 0.097    34 0.097    34 0.096    34 0.097    34 0.097
QT        sin 0    47 0.134    64 0.183    65 0.185    64 0.183    63 0.180
QT        cos 0    48 0.136    63 0.181    66 0.188    64 0.182    65 0.186
QT     sincos 0    72 0.207    90 0.258    90 0.257    90 0.258    89 0.254
QT        tan 0    62 0.178    69 0.198    68 0.195    68 0.194    68 0.195
QT        abs 0    10 0.028    10 0.028    10 0.028    10 0.028    10 0.028
QT   sys_cbrt 0    83 0.237    83 0.238    83 0.236    82 0.235    82 0.234
QT   ASM_cbrt 0   117 0.334   116 0.331   115 0.329   117 0.333   116 0.331
QT   Ref_cbrt 0   105 0.301   107 0.305   106 0.302   105 0.301   107 0.305
QT  Ref_cbrt2 0   103 0.295   103 0.295   103 0.295   105 0.299   103 0.295
QT  Ref_cbrt3 0   104 0.297   105 0.299   103 0.295   103 0.295   104 0.299
QT     N_cbrt 0    62 0.177    62 0.177    62 0.177    61 0.175    62 0.176
QT  N_r32cbrt 0    41 0.119    40 0.115    40 0.115    40 0.114    40 0.114
QT    N_cbrt3 0    60 0.172    60 0.171    61 0.175    60 0.172    60 0.172
QT    N_cbrt4 0    59 0.169    60 0.171    59 0.167    59 0.167    58 0.165
QT   N_cbrt4a 0    58 0.165    59 0.168    57 0.163    58 0.167    60 0.170
QT    C_cbrt5 0   136 0.388   137 0.393   138 0.396   138 0.394   143 0.407
QT    BSDcbrt 0    20 0.056    22 0.057    22 0.058    22 0.057    22 0.061
QT    GNUcbrt 0    86 0.246    86 0.246    87 0.249    86 0.247    86 0.246
QT    Suncbrt 0    71 0.202    73 0.209    71 0.203    71 0.202    71 0.202
QT     dcbrt4 0    62 0.178    62 0.178    63 0.181    62 0.178    62 0.178
QT    dcbrt4a 0    64 0.183    64 0.182    67 0.191    64 0.182    64 0.182
QT     dcbrt1 0    62 0.177    61 0.175    62 0.176    62 0.179    61 0.174
QT     rDcbrt 0    56 0.161    61 0.174    55 0.158    50 0.143    51 0.145
QT     P32sin 0    20 0.057    20 0.057    20 0.057    20 0.058    20 0.057
QT     P52sin 0    20 0.057    20 0.057    20 0.058    20 0.058    20 0.057
QT     P74sin 0    20 0.057    20 0.057    20 0.057    20 0.057    20 0.057
QT     P76sin 0    21 0.059    20 0.058    20 0.058    20 0.057    20 0.057
QT     P22cos 0    20 0.058    20 0.057    20 0.057    20 0.057    20 0.057
QT     P42cos 0    20 0.057    20 0.058    20 0.057    20 0.057    20 0.057
QT     P64cos 0    20 0.057    20 0.057    20 0.057    23 0.065    20 0.058
QT     P52tan 0    20 0.058    20 0.058    20 0.058    20 0.057    20 0.057
QT     P76tan 0    20 0.057    20 0.057    20 0.057    20 0.058    20 0.057
QT     P7_tan 0    21 0.060    21 0.060    21 0.061    21 0.061    22 0.062
QT     P9_sin 0    21 0.061    20 0.058    20 0.058    20 0.057    20 0.057
QT     P11sin 0    20 0.057    20 0.057    20 0.057    20 0.057    20 0.058
QT     P13sin 0    20 0.058    20 0.058    20 0.057    20 0.057    20 0.058
QT    P52Atan 0    20 0.057    20 0.057    21 0.060    20 0.057    20 0.057
QT  P{E-sinE} 0   196 0.561   202 0.577   200 0.571   201 0.574   201 0.575